18
169
8 5 0
8 6 0
8 8 0
8 9 0
8 11 0
8 12 0
8 14 0
8 15 0
8 17 0
8 18 0
8 20 0
8 21 0
9 5 0
9 6 0
9 8 0
9 9 0
9 11 0
9 12 0
9 14 0
9 15 0
9 17 0
9 18 0
9 20 0
9 21 0
11 5 0
11 6 0
11 8 0
11 9 0
11 11 0
11 12 0
11 14 0
11 15 0
11 17 0
11 18 0
11 20 0
11 21 0
12 5 0
12 6 0
12 8 0
12 9 0
12 11 0
12 12 0
12 14 0
12 15 0
12 17 0
12 18 0
12 20 0
12 21 0
14 5 0
14 6 0
14 8 0
14 9 0
14 11 0
14 12 0
14 14 0
14 15 0
14 17 0
14 18 0
14 20 0
14 21 0
15 5 0
15 6 0
15 8 0
15 9 0
15 11 0
15 12 0
15 14 0
15 15 0
15 17 0
15 18 0
15 20 0
15 21 0
17 5 0
17 6 0
17 8 0
17 9 0
17 11 0
17 12 0
17 13 1
17 14 0
17 15 0
17 17 0
17 18 0
17 20 0
17 21 0
18 5 0
18 6 0
18 8 0
18 9 0
18 11 0
18 12 0
18 14 0
18 15 0
18 17 0
18 18 0
18 20 0
18 21 0
20 5 0
20 6 0
20 8 0
20 9 0
20 11 0
20 12 0
20 14 0
20 15 0
20 17 0
20 18 0
20 20 0
20 21 0
21 5 0
21 6 0
21 8 0
21 9 0
21 11 0
21 12 0
21 14 0
21 15 0
21 17 0
21 18 0
21 20 0
21 21 0
23 5 0
23 6 0
23 8 0
23 9 0
23 11 0
23 12 0
23 14 0
23 15 0
23 17 0
23 18 0
23 20 0
23 21 0
24 5 0
24 6 0
24 8 0
24 9 0
24 11 0
24 12 0
24 14 0
24 15 0
24 17 0
24 18 0
24 20 0
24 21 0
26 5 0
26 6 0
26 8 0
26 9 0
26 11 0
26 12 0
26 14 0
26 15 0
26 17 0
26 18 0
26 20 0
26 21 0
27 5 0
27 6 0
27 8 0
27 9 0
27 11 0
27 12 0
27 14 0
27 15 0
27 17 0
27 18 0
27 20 0
27 21 0
