13
243
0 31 0
0 32 0
2 34 0
2 35 0
2 36 0
3 36 0
3 45 0
3 46 0
4 35 0
4 45 0
4 46 0
5 25 0
5 26 0
6 25 0
6 26 0
7 40 0
7 41 0
7 42 0
7 48 0
7 49 0
8 48 0
8 49 0
11 30 0
12 4 0
12 5 0
12 29 0
12 30 0
13 4 0
13 6 0
13 28 0
13 31 0
14 5 0
14 29 0
14 30 0
20 10 0
20 11 0
20 15 0
20 16 0
21 10 0
21 11 0
21 14 0
21 17 0
21 18 0
21 32 0
21 34 0
22 14 0
22 15 0
22 17 0
22 18 0
22 35 0
23 32 0
24 15 0
24 17 0
24 28 0
24 29 0
24 33 0
24 35 0
24 42 0
25 16 0
25 26 0
25 28 0
25 34 0
25 41 0
25 42 0
25 43 0
26 24 0
26 40 0
26 44 0
27 14 0
27 15 0
27 22 0
27 29 0
27 30 0
27 40 0
27 41 0
27 43 0
27 44 0
27 45 0
28 14 0
28 31 0
28 41 0
28 44 0
28 45 0
29 12 0
29 17 0
29 18 0
29 22 0
29 25 0
29 26 0
29 28 0
29 32 0
29 43 0
29 45 0
30 19 0
30 27 0
30 28 0
30 43 0
30 45 0
31 12 0
31 15 0
31 16 0
31 19 0
31 27 0
31 28 0
31 30 0
31 32 0
31 43 0
31 44 0
32 12 0
32 13 0
32 14 0
32 15 0
32 16 0
32 17 0
32 18 0
32 28 0
32 29 0
32 31 0
32 36 0
32 39 0
33 12 0
33 13 0
33 17 0
33 27 0
33 34 0
33 40 0
34 33 0
34 34 0
34 35 0
34 36 0
34 40 0
35 18 0
35 19 0
35 23 0
35 24 0
35 32 0
35 33 0
35 35 0
35 36 0
35 38 0
35 39 0
35 40 0
36 17 0
36 19 0
36 23 0
36 25 0
36 26 0
36 35 0
36 37 0
37 26 0
37 34 0
37 35 0
37 37 0
37 38 0
38 14 0
38 15 0
38 17 0
38 18 0
38 24 0
38 26 0
38 35 0
38 37 0
39 14 0
39 15 0
39 20 0
39 21 0
39 22 0
39 24 0
39 25 0
39 36 0
40 19 0
40 23 0
41 19 0
41 23 0
42 20 0
42 21 0
42 22 0
43 1 0
43 2 0
43 3 0
43 35 0
43 36 0
44 34 0
44 37 0
45 34 0
45 37 0
46 4 0
46 5 0
46 6 0
46 35 0
46 36 0
48 2 0
48 8 0
48 30 0
48 31 0
49 2 0
49 8 0
49 30 0
49 31 0
50 2 0
50 8 0
52 4 0
52 5 0
52 6 0
52 23 0
52 28 0
52 29 0
52 46 0
52 48 0
53 22 0
53 24 0
53 28 0
53 29 0
53 47 0
53 48 0
54 22 0
54 24 0
54 47 0
55 23 0
61 13 0
61 14 0
62 12 0
62 15 0
63 12 0
63 14 0
63 37 0
64 13 0
64 36 0
64 38 0
65 36 0
65 38 0
66 37 0
69 25 0
69 26 0
70 24 0
70 27 0
71 24 0
71 26 0
71 46 0
71 47 0
72 25 0
72 46 0
72 47 0
